[gd_scene load_steps=5 format=3 uid="uid://x8ydjx7mxkdq"]

[ext_resource type="Script" uid="uid://bgwrd1tf3jg3u" path="res://scripts/car.gd" id="1_yhfra"]
[ext_resource type="PackedScene" uid="uid://bvu6tbd1hmrc8" path="res://assets/buildings/car_sedan.gltf" id="2_rytg7"]
[ext_resource type="PackedScene" uid="uid://cx8frnrdparbw" path="res://assets/buildings/car_hatchback.gltf" id="3_rytg7"]

[sub_resource type="BoxShape3D" id="BoxShape3D_x7uf8"]
size = Vector3(0.318298, 0.151459, 0.690186)

[node name="player" type="CharacterBody3D"]
script = ExtResource("1_yhfra")

[node name="Car2" type="Node3D" parent="."]

[node name="car_hatchback2" parent="Car2" instance=ExtResource("3_rytg7")]
transform = Transform3D(-0.5, 0, -4.37114e-08, 0, 0.5, 0, 4.37114e-08, 0, -0.5, 0, 0, 0)

[node name="SpotLight3D" type="SpotLight3D" parent="Car2"]
process_mode = 3
transform = Transform3D(0.943414, -0.182974, 0.276568, 0.189587, 0.98186, 0.0028772, -0.272078, 0.0497193, 0.96099, -0.0729793, 0.0342721, -0.205427)
layers = 1023
light_color = Color(1, 0.764706, 0.219608, 1)
light_energy = 8.0
light_bake_mode = 0
shadow_enabled = true
spot_range = 3.0
spot_angle = 32.1698

[node name="SpotLight3D2" type="SpotLight3D" parent="Car2"]
process_mode = 3
transform = Transform3D(0.95468, 0.172025, -0.242887, -0.179333, 0.983755, -0.00813269, 0.237542, 0.0513218, 0.970021, 0.0641515, 0.0342721, -0.205427)
layers = 1023
light_color = Color(1, 0.764706, 0.219608, 1)
light_energy = 8.0
light_bake_mode = 0
shadow_enabled = true
spot_range = 3.0
spot_angle = 30.4043

[node name="OmniLight3D" type="OmniLight3D" parent="Car2"]
transform = Transform3D(1, 0, 0, 0, 1, 0, 0, 0, 1, -0.0598566, 0.0402618, 0.206189)
light_color = Color(1, 0.0941176, 0, 1)
light_energy = 0.5
light_size = 0.05
light_specular = 0.1
omni_range = 0.025
omni_attenuation = 0.5

[node name="OmniLight3D1" type="OmniLight3D" parent="Car2"]
transform = Transform3D(1, 0, 0, 0, 1, 0, 0, 0, 1, 0.0620895, 0.0402618, 0.206189)
light_color = Color(1, 0.0941176, 0, 1)
light_energy = 0.5
light_size = 0.05
light_specular = 0.1
omni_range = 0.025
omni_attenuation = 0.5

[node name="Car1" type="Node3D" parent="."]
visible = false

[node name="car_sedan2" parent="Car1" instance=ExtResource("2_rytg7")]
transform = Transform3D(-0.5, 0, -7.54979e-08, 0, 0.5, 0, 7.54979e-08, 0, -0.5, 0, 0, 0)

[node name="SpotLight3D" type="SpotLight3D" parent="Car1"]
transform = Transform3D(0.943414, -0.182974, 0.276568, 0.189587, 0.98186, 0.0028772, -0.272078, 0.0497193, 0.96099, -0.0729793, 0.0342721, -0.22764)
layers = 1023
light_color = Color(1, 0.764706, 0.219608, 1)
light_energy = 8.0
light_bake_mode = 0
shadow_enabled = true
spot_range = 3.0
spot_angle = 32.1698

[node name="SpotLight3D2" type="SpotLight3D" parent="Car1"]
transform = Transform3D(0.95468, 0.172025, -0.242887, -0.179333, 0.983755, -0.00813269, 0.237542, 0.0513218, 0.970021, 0.0641515, 0.0342721, -0.22764)
layers = 1023
light_color = Color(1, 0.764706, 0.219608, 1)
light_energy = 8.0
light_bake_mode = 0
shadow_enabled = true
spot_range = 3.0
spot_angle = 30.4043

[node name="OmniLight3D3" type="OmniLight3D" parent="Car1"]
transform = Transform3D(1, 0, 0, 0, 1, 0, 0, 0, 1, -0.0598566, 0.0402618, 0.237519)
light_color = Color(1, 0.0941176, 0, 1)
light_energy = 0.5
light_size = 0.05
light_specular = 0.1
omni_range = 0.025
omni_attenuation = 0.5

[node name="OmniLight3D4" type="OmniLight3D" parent="Car1"]
transform = Transform3D(1, 0, 0, 0, 1, 0, 0, 0, 1, 0.0620895, 0.0402618, 0.237519)
light_color = Color(1, 0.0941176, 0, 1)
light_energy = 0.5
light_size = 0.05
light_specular = 0.1
omni_range = 0.025
omni_attenuation = 0.5

[node name="CollisionShape3D" type="CollisionShape3D" parent="."]
process_mode = 3
transform = Transform3D(0.666667, 0, 4.2382e-08, 0, 0.666667, 0, -4.2382e-08, 0, 0.666667, 0.00120036, 0.0185648, -0.00252279)
shape = SubResource("BoxShape3D_x7uf8")

[node name="Camera3D" type="Camera3D" parent="."]
transform = Transform3D(1, 0, 0, 0, 0.996075, 0.0885119, 0, -0.0885119, 0.996075, 0, 0.640436, 1.12676)
